# a = anchor point in world coords
# s = x and y size of map
# r = a row of tiles
# c = collision mask; 1 = wall, 0 = air
# n = neighbour zone
# o = scene object

a 0 0
s 15 14

r 0 6 14 8 14 6 0 0 0 6 14 16 14 6 0
r 6 1 2 2 2 3 6 14 6 1 2 2 2 3 6
r 2 13 10 10 10 12 2 2 2 13 10 10 10 12 2
r 10 10 10 10 10 10 10 10 10 10 10 10 10 10 10
r 18 5 10 10 10 4 18 18 18 5 10 10 10 4 18
r 0 17 5 10 4 19 0 0 0 17 5 10 4 19 0
r 0 0 9 10 11 0 0 0 0 0 9 10 11 0 0
r 0 0 9 10 11 0 0 0 0 0 9 10 11 0 0
r 0 0 9 10 11 6 0 0 0 6 9 10 11 0 0
r 0 0 9 10 12 3 6 15 6 1 13 10 11 0 0
r 0 0 9 10 10 12 2 2 2 13 10 10 11 0 0
r 0 0 9 10 10 10 10 10 10 10 10 10 11 0 0
r 0 0 17 18 18 18 18 18 18 18 18 18 19 0 0
r 0 0 0 0 0 0 0 0 0 0 0 0 0 0 0

c 1 1 1 1 1 1 1 1 1 1 1 1 1 1 1
c 1 0 0 0 0 0 1 1 1 0 0 0 0 0 1
c 0 0 0 0 0 0 0 0 0 0 0 0 0 0 0
c 0 0 0 0 0 0 0 0 0 0 0 0 0 0 0
c 0 0 0 0 0 0 0 0 0 0 0 0 0 0 0
c 1 0 0 0 0 0 1 1 1 0 0 0 0 0 1
c 1 1 0 0 0 1 1 1 1 1 0 0 0 1 1
c 1 1 0 0 0 1 1 1 1 1 0 0 0 1 1
c 1 1 0 0 0 1 1 1 1 1 0 0 0 1 1
c 1 1 0 0 0 0 1 1 1 0 0 0 0 1 1
c 1 1 0 0 0 0 0 0 0 0 0 0 0 1 1
c 1 1 0 0 0 0 0 0 0 0 0 0 0 1 1
c 1 1 0 0 0 0 0 0 0 0 0 0 0 1 1
c 1 1 1 1 1 1 1 1 1 1 1 1 1 1 1

o TestEnemy 510.746 911.89
o TestEnemy 926.551 923.603
o TestEnemy 919.23 520.975
o TestEnemy 513.674 516.583

